1000
48
21
43
27
29
78
27
61
88
100
94
56
92
79
48
65
83
92
10
51
53
97
64
15
92
43
33
11
12
96
41
68
77
64
56
69
48
31
13
42
81
55
100
54
49
24
60
57
82
38
16
97
78
76
29
89
58
90
58
11
44
57
62
19
50
79
85
94
72
78
16
11
65
45
31
26
43
72
28
94
90
15
67
24
59
37
94
26
84
34
27
79
61
71
25
37
22
26
39
66
46
78
33
89
87
74
36
97
85
32
88
76
16
29
18
100
83
51
48
23
78
73
15
62
56
44
84
11
93
79
30
89
76
84
68
41
27
66
46
98
33
17
34
57
13
30
62
49
44
74
27
95
38
37
76
17
14
49
36
24
65
22
92
33
85
81
51
31
69
78
66
51
46
52
33
74
63
45
49
31
89
17
68
28
83
32
97
87
50
80
69
42
85
35
73
13
84
91
44
26
29
35
78
74
50
41
66
34
46
46
40
10
14
71
98
97
59
100
34
36
38
75
82
18
31
32
22
97
15
58
79
63
40
55
94
82
25
87
99
94
47
26
11
87
35
54
71
86
66
65
70
26
70
88
16
52
89
14
66
89
92
30
72
95
69
70
43
75
60
28
93
14
43
41
76
82
87
70
92
32
10
43
80
63
10
38
37
26
44
52
58
72
84
83
18
61
93
100
44
57
47
95
10
53
66
11
66
96
38
27
18
100
32
20
99
48
21
78
90
16
11
78
49
23
38
80
32
48
98
37
16
65
43
38
100
28
72
63
57
35
26
99
51
61
77
80
56
81
99
82
94
98
22
86
58
71
34
56
82
39
11
65
64
36
37
72
100
95
91
47
71
42
55
72
98
16
30
16
39
33
26
22
77
14
37
43
78
81
85
95
46
74
42
70
54
62
39
61
17
37
23
14
42
54
48
79
11
49
46
75
94
50
25
21
91
85
58
38
31
56
26
85
53
48
75
81
56
42
62
20
49
86
65
53
20
23
52
48
31
53
40
100
59
43
53
89
32
35
20
97
50
37
50
69
25
23
36
14
11
96
90
50
78
97
43
98
84
84
79
68
14
43
66
80
16
12
31
90
49
95
28
93
43
61
70
30
17
69
14
65
77
48
40
15
69
25
27
70
52
24
75
31
81
19
20
46
18
45
20
53
75
87
89
32
84
20
87
85
49
77
47
56
17
53
60
98
54
79
35
47
94
25
57
21
12
20
35
84
43
77
41
38
62
69
54
33
32
94
66
23
27
74
95
14
70
45
39
12
51
49
98
60
77
21
19
41
22
43
69
95
85
92
60
49
49
85
49
41
33
81
57
56
82
83
74
67
69
17
92
74
67
98
58
47
31
67
38
85
86
67
36
72
75
16
27
13
23
53
66
94
28
74
74
19
85
31
95
73
23
48
68
83
22
11
66
38
74
64
95
66
59
19
28
34
82
15
23
21
76
70
60
21
73
72
84
45
96
49
69
68
78
59
55
66
72
29
77
36
54
71
80
97
59
41
23
94
93
35
63
27
89
88
79
74
22
36
21
96
10
28
24
17
96
65
99
82
43
43
58
61
14
59
75
66
56
39
21
94
86
87
55
76
96
11
71
50
23
89
71
91
81
81
59
66
83
26
41
87
92
20
85
85
38
84
85
82
36
37
39
20
31
50
62
86
73
39
22
57
35
52
56
10
86
16
37
48
55
20
21
36
88
31
33
64
44
10
26
94
73
76
95
16
43
91
40
15
56
19
72
17
12
27
100
77
29
67
44
86
24
93
13
55
54
96
85
23
30
75
35
53
70
61
55
61
99
65
61
25
96
44
83
10
77
17
17
10
100
38
100
73
74
42
49
63
26
62
100
64
53
38
94
42
39
94
14
43
23
67
73
93
68
31
53
76
99
61
37
99
66
27
14
79
21
65
56
70
20
42
11
46
14
44
37
43
57
31
45
69
67
42
35
39
84
45
53
51
12
24
83
48
94
22
97
41
47
14
93
42
56
39
18
79
35
89
100
62
25
88
89
85
19
61
30
77
64
16
10
75
40
90
42
42
29
14
55
18
42
79
26
47
43
11
17
29
99
78
61
19
37
82
69
83
72
41
14
49
15
70
20
40
66
49
76
46
49
37
19
67
71
20
24
57
85
32
39
78
79
25
49
30
32
72
75
62
55
93
74
67
16
57
54
47
81
46
54
66
28
21
84
17
88
39
96
26
68
95
76
53
40
53
79
42
55
33
55
16
58
63
62
22
56
67
32
98
69
51
96
98
20
35
