1000
6227
9470
1576
6268
2033
6800
935
4615
1101
6608
6338
7692
5904
8158
4560
5916
2051
5162
2526
3156
3990
728
2814
6572
9259
4321
5542
698
9710
7050
9950
2948
1765
8338
8739
2435
312
7562
8476
7348
2867
3249
2473
8918
8666
7350
3484
7682
1828
1116
3919
7754
7832
5386
7541
680
5199
8018
4474
4177
6623
4638
2929
7372
3187
5839
6543
5652
4030
2070
1726
7191
3568
4716
5634
2243
158
4269
2594
5683
7145
2786
3837
2845
7240
345
2059
739
7828
8895
6460
8952
1501
8106
3853
6521
1969
6207
3574
1928
3459
9268
3171
782
9847
1825
2155
9330
7473
9954
1139
6568
8880
4813
4579
621
9606
576
3826
6403
4417
573
7684
2230
2237
3151
2122
8271
4797
5434
2443
6941
3609
3846
554
5078
3618
1379
7130
8816
4110
7124
352
9524
2098
4554
8356
6119
7594
6280
6358
6251
2146
1229
9231
6416
5518
9365
8594
9206
4646
9736
1856
7125
4345
8974
3479
5393
8504
1044
7080
7798
9153
4926
7416
1337
8870
9758
865
5009
2179
1862
4618
1424
2493
9634
8056
7639
6198
7690
2002
5935
535
8060
5468
6115
8859
8266
8194
630
8762
909
1760
4050
3880
9136
6273
2588
594
2857
720
7686
4569
8739
9171
3100
2364
6390
2558
3662
3134
6011
5169
1335
8457
2836
1139
7334
2529
6967
3583
7167
3492
6744
3384
7383
137
2522
4944
9755
7621
314
2682
2588
9618
5959
6156
2866
4161
3334
272
5946
9735
6819
9622
8134
6314
119
7578
6954
3104
5158
9902
438
4623
2944
7088
2650
8976
7312
4726
4076
6743
2371
6190
8599
5201
3882
4157
5056
123
783
5791
9502
7036
5315
9295
4329
4909
7434
6566
8903
2680
8542
6629
8559
593
9685
168
1269
6431
8837
1875
6649
1855
4549
1353
6140
2961
3467
1784
7374
4232
2075
5992
1611
844
5279
2729
3774
3552
9537
6743
4711
9871
8771
4876
3472
5326
9211
1084
296
3380
9440
8662
4581
2122
9701
380
5629
1581
6819
6474
3728
5204
2850
5977
2313
7139
5766
3607
6089
9521
4584
3716
9286
9831
7181
6179
6259
6654
7321
4136
1871
1126
5005
5990
9215
988
2568
7482
4106
2209
6067
4737
6567
5222
2573
9864
4280
7970
9629
4080
4985
6992
3999
4659
4034
2369
8836
6923
4967
2734
2230
1518
7871
7663
2954
491
7803
5256
6409
7323
8566
5452
5682
7813
5829
2741
5721
9603
3070
4463
7882
7826
4109
2801
6127
6222
5845
9392
5443
5919
7893
9277
6034
589
7097
2248
2924
4000
5975
8937
5518
4876
3591
3114
9651
3779
113
2642
4369
1586
5411
934
1827
3227
6332
316
8734
3935
3220
433
5827
7623
7024
159
6744
8079
9616
4339
3683
5423
1048
1535
378
8157
6085
9883
1885
6067
827
2766
9161
5282
5501
5182
5899
4428
8643
5375
5828
4976
2935
3077
2249
7910
4112
9226
3520
9409
906
4752
1962
3262
3041
6825
1324
9820
648
1416
8161
5102
4086
3302
2112
8888
3798
4025
4795
3807
2187
6434
2347
7760
1328
1123
801
419
9990
7948
6496
4969
1058
4977
8340
1760
4946
8882
9068
1813
7618
504
147
6694
269
4351
8171
1567
2875
3631
2070
3384
1909
9281
5340
7278
1175
2689
5686
2977
6465
8684
6109
9797
6017
4540
7268
2331
3990
1360
1531
6018
4292
5197
5124
6531
9129
3013
5158
9397
925
6832
4409
7499
4329
6373
1217
5954
3248
7295
2632
2720
2354
9673
1644
2582
8630
4438
9104
2047
5172
5812
4574
4564
9172
3823
4270
3967
2879
2238
6015
3658
6289
8788
7316
3946
3743
6176
7974
9652
4294
165
4609
5424
6598
569
9750
3646
661
1525
6647
1982
6021
8910
1299
1464
5580
4953
5499
7503
7758
2587
7612
6278
7430
7370
638
7772
8778
6100
7330
716
4304
7155
4878
8079
1300
7217
4672
4500
6181
9416
9323
6330
135
9968
8756
812
9307
8968
2471
582
4839
8689
403
9050
2989
5132
3124
7473
2034
6664
2196
5507
7955
581
6313
5106
4609
1932
7954
8777
3256
4688
874
778
1291
5884
3313
6298
1821
8193
965
8970
4832
475
2852
9868
8014
4175
8877
2211
5379
7064
4890
1673
7767
2664
8588
8597
1110
5157
963
3944
6840
3597
1072
7131
9084
3151
5626
8021
1716
5113
1227
3609
7449
674
8256
6490
7822
1449
4033
7191
622
6715
4051
9242
6990
9124
455
4915
3881
352
7552
713
7461
8381
7833
632
6024
4577
8856
678
8219
6356
4631
1595
2071
9492
8504
1106
8578
2270
8516
816
5963
9851
2657
7333
3397
5770
8774
5137
9846
7404
7402
3810
3355
4366
4685
8941
1530
9067
174
1178
7751
5873
5537
900
2234
774
6805
7036
6083
7861
752
3785
5308
5561
5289
2067
7534
8853
5266
3925
8624
6315
3266
6482
750
5801
5263
6631
8673
8709
5239
4079
4930
4746
424
4500
2631
967
1405
8404
2175
6792
5538
8801
7747
2007
1053
7129
7726
5487
2953
7674
1292
6500
2862
5310
7494
1885
434
2100
5238
8434
4582
299
2768
9041
2432
489
8473
3555
7830
9296
7275
7385
2677
867
8236
9669
2152
8561
9715
8727
6151
650
6596
8794
9424
3139
9830
1654
578
2860
7778
7152
4682
7867
2028
720
3313
3541
9058
7984
2669
8460
4300
9738
8680
4853
4432
3902
8633
8672
9244
794
3155
9942
238
6068
7682
1896
1489
5402
4210
5736
8145
1059
1880
7173
1111
5208
7399
6061
8962
7127
9864
108
6171
2015
645
4279
5787
9960
6772
9126
2783
6857
4061
4356
5040
7992
5897
3899
8550
4332
192
9717
7324
3441
7029
3428
9541
4411
7810
9335
1916
9097
1348
1833
8832
8573
1775
565
6792
1973
6176
9957
4323
4329
1571
3245
6940
7722
578
588
6953
4213
9260
7251
3407
9069
3008
2446
3499
3513
1640
3422
3562
849
3872
9106
770
5370
4574
7656
3842
4568
8903
2145
8410
9184
8355
4091
1388
