1000
6614
5507
9890
4948
6666
6789
8086
5830
6476
5756
1772
2110
6567
3620
4754
9677
591
5126
2163
1033
746
7786
5864
8266
3617
2154
5093
2930
4973
4552
7116
9594
8584
510
9549
7852
4003
3675
4273
4522
6544
2515
7254
3941
9452
806
4966
5857
4317
9117
4097
3903
183
3836
5664
5920
3134
8045
1273
5804
9607
4127
7005
9975
2206
8997
1299
5744
7175
5325
8332
5765
7666
319
3541
5181
8589
8287
8203
6255
1299
9867
6946
6942
565
1013
5362
2959
1432
1880
2460
7968
3639
5531
2677
2581
2517
2239
5702
6196
5876
5053
1118
6032
7488
9241
5844
3441
1581
4048
8462
8425
7336
6565
4125
5274
9906
9402
6875
715
1206
3304
973
7018
8214
6468
889
2849
8044
3166
3028
4100
2670
8417
5025
6213
4443
3239
6673
2992
9282
437
6407
3511
6226
8101
6997
5963
4709
6235
9412
5880
5943
7160
7007
210
3420
937
7616
3778
3594
4921
6030
2803
1782
1365
7565
3161
7892
4111
697
5627
8381
9855
821
5192
7916
2080
2219
5590
6674
9403
3518
4566
5727
5470
9304
6857
5756
4474
2415
4688
8866
2461
9476
5607
6832
6572
8410
7824
547
4150
3540
657
1694
2446
639
5440
1462
986
9605
4027
7145
4344
1921
3021
6374
7549
5921
1120
8845
7748
8744
1061
8314
467
3546
9368
1358
7214
3298
1824
2479
841
2589
8191
4641
6036
6200
4567
3394
639
9347
2717
6893
9141
9469
2329
5665
2478
361
2064
3528
8708
356
204
8729
5604
6353
9647
5662
7059
1872
1661
7815
8404
1904
6948
132
850
376
2199
9688
1650
788
3422
2453
6321
2305
583
7887
8509
1436
7801
6833
3783
2891
3372
833
2550
1507
3070
7638
5010
6072
4106
1024
5360
562
2884
1754
9749
4784
6201
5314
8906
2216
5052
2429
1475
1970
8701
6461
6596
3454
4629
9090
1381
7179
7086
7700
8177
5120
6431
9051
5662
5289
9377
9901
1036
1199
5193
9751
759
5860
972
7135
6237
9307
408
180
4974
7022
8416
126
9692
4713
5153
2103
9464
4952
8085
1455
1664
4510
661
2333
8273
3009
7006
7874
8769
2996
1546
8144
8985
5553
7901
445
8310
1035
7154
4762
2805
3532
5468
2388
4591
5407
4740
3115
1413
5326
1451
5151
2493
6668
6105
964
3910
9242
6811
5537
5484
789
9047
3652
4940
5219
6495
2436
6114
7356
880
1609
3301
956
3869
8123
534
4610
6468
1082
7213
274
2491
1863
9252
6942
6904
6085
1002
9600
6935
388
1078
8694
7893
6018
8999
2178
9638
1588
787
8213
3479
1930
828
7498
4124
2774
2987
2793
6549
1044
7304
2967
1005
5551
7497
290
9737
1414
5841
9734
2461
3120
8448
2850
4922
4677
6849
2697
1892
5228
6305
5410
3453
2402
1184
7010
7114
428
9040
1332
6992
5428
7195
6696
2366
9543
8833
3494
233
4476
9883
8654
4853
9775
9311
8018
6927
1661
6149
4077
4583
7722
7119
2830
6686
5546
1174
3529
8380
8254
8655
778
9856
8798
6412
5900
9102
9884
4390
6403
4051
2935
3474
222
404
1640
920
6368
8953
1181
2343
3679
1641
2320
3854
4806
5660
4853
1655
5444
6627
2349
2208
4275
3716
4966
6350
1741
8114
4074
9687
4683
8124
1899
4412
551
700
4307
1870
7132
5179
8717
3560
2653
7604
8949
5799
1769
1805
2937
6417
589
5394
3062
4152
3527
4901
1084
2761
157
9445
1141
4966
2404
2023
103
6317
1645
4989
3538
4108
9502
937
1589
8345
5341
6372
9644
8729
8662
144
3203
2831
6892
5323
2681
3092
1497
2085
4728
6878
9501
6668
1010
5381
6087
2136
3455
8115
9823
2757
1199
2305
2725
4598
7594
1802
2236
4150
3991
3822
2207
9897
5200
4976
2376
1541
4632
9662
6068
9147
6286
2708
9500
8636
5050
3660
4113
1720
5498
1910
1189
7596
9147
5784
645
550
1213
2220
5104
3121
9587
8745
7015
610
994
2936
7848
539
6895
2291
1028
5401
4169
8426
7010
9310
3115
5292
8694
3509
783
4141
5292
4631
7261
9506
1231
7742
273
4492
4976
4912
1243
4547
3396
324
4861
8229
4143
4278
646
9353
7640
7109
8255
6105
1351
3130
3298
4766
881
452
4755
4616
1489
1666
6079
6467
4366
9813
8476
1601
4751
8644
3410
1604
5735
2248
1148
6506
8968
3481
6522
4885
7345
1896
5318
9605
3096
750
2593
9427
6351
394
4313
3510
6137
3645
9440
2095
4636
7494
9593
5485
4423
6720
7356
1719
3267
7448
4731
4819
3862
8252
4639
2369
6743
6800
1108
6205
7742
1610
1915
881
3231
8135
1554
9824
1162
616
6114
9095
372
6645
2208
5336
6999
3094
8501
8472
2334
2828
5506
9085
8074
8076
8570
9652
3680
7449
3561
3955
6600
6810
4889
5224
2024
1886
7177
6852
8167
3956
3399
8420
8195
9423
6301
7694
3941
9327
5997
677
4982
5135
7428
9890
6538
4791
4301
555
147
4411
915
3750
3166
2868
4748
7907
7596
8014
6640
1658
4410
2326
3441
4292
2495
4360
4775
5045
1546
573
9734
3719
5114
6354
2952
1811
1425
8302
7679
1301
6194
4037
9565
2634
1253
7023
4759
7154
5584
9475
8278
1781
3551
6944
4743
9581
9492
4132
8041
5071
2307
3787
9128
1536
6579
414
8831
8157
979
7929
7253
8580
1636
9134
2811
6327
5725
8310
6996
9678
3998
6785
1773
7752
6514
6473
8605
3100
4202
6883
3912
9443
6679
286
4473
7839
3609
4250
5951
8829
664
7688
8756
864
9701
682
1142
7187
8956
9130
5878
2944
2160
1720
9221
3459
1030
4730
6506
8738
6333
1087
4724
9578
7757
2243
1071
4526
3684
3648
523
6396
4202
5187
8280
5918
5550
1755
4417
8643
6567
7446
4483
2147
5153
1401
3409
4223
6484
7050
2088
9195
9644
820
2921
7761
2137
339
8309
6604
6322
8303
6068
9348
3233
3869
8003
7613
2128
5621
5949
9382
6569
2286
9215
1575
6913
2132
4747
5480
3106
8467
