1000
49
28
92
77
56
64
85
26
36
46
30
55
56
78
33
46
40
50
47
53
92
10
71
59
78
74
91
62
55
38
47
36
85
86
24
82
70
20
74
66
32
60
82
95
38
74
41
42
22
69
34
99
38
31
91
55
80
34
24
92
36
15
45
89
21
10
63
86
57
57
50
72
20
63
95
46
42
46
24
31
16
69
69
74
19
89
82
32
66
45
73
90
49
63
52
12
37
84
15
70
14
17
99
59
36
18
45
76
42
47
77
74
40
47
86
40
43
97
25
81
96
61
14
69
57
88
91
98
74
23
20
59
44
74
61
29
89
68
48
81
66
49
44
60
62
34
83
72
35
14
56
71
69
96
24
40
46
46
77
40
71
88
90
84
95
35
47
82
62
81
38
73
20
19
17
53
33
39
69
42
14
18
91
75
89
54
79
36
79
13
13
46
81
77
62
63
42
16
70
10
50
50
28
56
34
71
84
81
93
35
83
77
64
43
28
51
41
39
47
60
20
52
81
17
64
100
19
81
20
59
17
47
14
63
100
33
86
67
67
39
13
15
31
71
30
15
18
53
90
66
43
98
16
100
18
34
98
60
34
61
22
66
10
24
73
31
90
88
12
75
19
64
27
85
44
48
59
87
45
20
17
68
63
22
38
61
11
12
44
54
56
42
66
39
12
77
41
25
31
75
62
18
27
36
41
72
100
33
58
21
66
26
95
80
43
90
88
21
39
45
44
59
55
18
35
47
57
44
77
94
20
28
35
58
57
81
36
84
31
83
98
71
19
78
13
58
32
83
79
43
35
75
93
23
25
14
90
79
72
50
29
22
76
12
18
64
10
32
93
85
41
31
45
50
20
80
87
39
83
70
44
93
31
49
99
83
18
65
32
47
60
37
28
89
16
19
60
26
31
69
13
59
90
10
90
95
96
79
23
80
93
98
57
11
77
39
95
18
10
61
22
11
80
17
84
72
70
11
87
56
24
19
87
99
10
31
29
71
86
62
38
59
82
90
87
56
43
28
22
80
66
18
40
88
74
43
85
27
86
35
67
58
14
19
52
71
69
97
34
62
46
59
37
15
55
95
37
40
80
57
80
22
66
76
76
86
99
87
13
10
46
75
89
55
24
74
77
47
89
81
23
62
82
29
34
80
57
52
13
96
79
25
98
81
21
22
58
81
93
20
30
87
68
34
29
37
89
95
40
89
92
69
76
97
18
32
38
60
58
64
90
39
62
61
48
98
30
23
43
76
52
63
46
63
62
24
93
64
44
28
78
30
97
71
53
20
55
73
66
59
54
19
26
67
44
65
28
80
36
99
54
13
23
71
33
47
23
60
29
12
74
84
73
29
53
48
83
29
73
32
51
76
38
11
96
28
85
68
70
27
87
77
83
49
48
92
22
50
91
93
31
44
82
29
22
66
31
21
58
58
12
74
95
89
11
24
82
62
78
35
29
64
34
65
21
45
28
54
47
13
29
81
92
16
87
48
28
87
46
73
51
94
14
22
94
56
45
97
31
89
13
40
30
96
58
84
64
84
75
30
93
80
31
54
45
69
10
27
10
99
63
72
54
24
35
23
71
16
96
31
28
62
69
59
87
68
91
97
33
30
12
12
73
79
80
74
69
52
73
53
23
50
72
82
60
61
58
56
43
71
20
94
26
75
70
15
25
15
39
41
51
28
51
57
95
67
92
30
63
95
24
11
73
14
66
46
14
99
32
78
100
10
63
65
40
85
83
46
56
60
67
28
53
47
28
47
15
12
94
86
84
93
45
54
20
67
54
10
52
17
17
65
51
38
24
24
24
88
75
69
16
12
40
18
34
50
13
71
82
22
11
26
15
59
44
93
95
99
15
59
63
90
19
49
93
66
45
14
59
29
55
72
88
75
32
90
51
53
36
21
67
34
42
81
84
28
67
18
38
32
42
46
89
11
30
61
98
55
84
50
12
91
67
64
59
42
31
69
65
57
48
89
11
94
11
36
41
15
64
12
43
43
82
30
25
81
74
68
75
18
37
78
64
67
35
41
57
98
12
60
58
95
60
95
94
32
26
58
12
98
84
25
81
94
100
75
65
78
64
61
58
72
61
77
78
87
61
63
62
46
24
72
86
81
78
70
83
32
47
65
100
86
38
54
12
61
79
19
87
55
59
85
29
40
55
26
52
67
11
28
20
17
83
87
88
81
36
54
27
79
57
14
89
21
49
30
98
81
27
69
40
38
100
68
95
38
86
89
22
69
45
74
69
50
23
36
28
80
56
43
