1000
870822
960078
941733
617632
424561
165326
282727
165607
345585
307520
597321
455064
967868
245756
184816
843821
32296
745471
910533
264131
364495
968232
186357
848093
403346
25851
116785
621858
164371
4833
460783
34779
112953
916198
260519
659702
824368
385914
289942
304261
726438
546481
15870
548864
923792
654979
810916
584319
716643
822604
907025
178048
398619
926605
820178
322023
336375
450921
904824
13305
165946
58153
303769
756512
801196
206329
304909
146922
974296
645672
904305
961674
824459
934636
125608
670422
197979
142236
804373
63495
296286
844980
936354
981436
938350
355989
141372
922103
912364
519938
979348
129182
784890
621411
649695
276283
115584
378758
333719
560509
404327
822681
444345
770101
609505
416178
972677
894042
477407
313223
1985
748677
517081
688246
808054
17846
690890
34046
283121
566285
873074
804996
227587
730705
109778
801296
482818
504173
786419
748877
226438
975022
262623
406796
6125
860038
920807
155073
432215
972812
410715
208517
243114
111546
540629
432146
59599
302190
341103
837770
805491
393897
700871
167601
783751
611155
97474
708334
638913
507061
181511
780750
558361
792509
368320
100929
851085
287678
74780
826907
466397
142189
54736
810004
554703
296421
137297
963721
243308
439076
725083
904057
632321
420236
551021
950216
561119
966627
790539
167231
370332
456083
91195
914314
876688
953386
354568
328953
529497
845723
655683
216063
733975
694652
215804
744694
681456
463878
188941
565146
225101
828376
199952
626377
930204
953972
569316
328585
537484
353089
388844
685250
823956
683207
495631
644736
791020
766326
159481
184882
139857
166175
377945
247918
692294
831353
936481
367979
772430
476382
333066
897541
992691
706891
1421
747196
884610
397924
864938
608885
98125
774637
273125
683831
104679
84946
188676
319280
972459
962720
758994
149614
314038
669449
982816
583654
680809
417637
501951
970609
251240
977515
276422
104970
816029
394108
911058
7121
29621
155417
979009
960651
575777
520360
149494
76511
680471
946867
963225
196570
115279
164072
954900
934124
582279
883866
770519
846313
259136
280702
962196
910410
429374
654447
660995
29929
254475
331499
31520
71048
802228
340052
608040
11019
722059
461424
569440
339385
826467
546282
302862
356927
634200
528270
152637
123693
552196
336848
461822
998903
250763
18310
407522
882293
860240
352234
762944
562019
833405
680921
423861
857378
733760
445270
747807
438965
801416
633032
703970
932613
948876
493303
461987
474398
189892
980179
935759
360751
47214
128941
387413
945934
144138
84476
543912
417202
632543
273626
945278
221047
983604
464389
426899
975582
427351
351582
21223
768906
88154
776557
898684
36355
175633
199963
874969
543095
920533
341750
664841
205812
245380
822257
364829
848496
115902
978785
195110
789633
207786
609537
158204
119973
879023
122671
712570
838716
920379
222701
255231
32712
224384
349408
365166
377332
491186
354837
752431
258762
750602
252535
109484
607547
147590
923866
35989
121372
321254
493236
268444
902307
875185
26078
492282
503086
192174
989591
683304
574588
420395
608513
30503
167729
840762
583330
43000
788631
755439
324005
160997
858968
521571
581910
339574
28101
237684
804586
87293
286738
761154
296757
838859
807959
2100
199281
190200
164817
307377
553533
187359
500766
2472
918044
278815
686661
720584
688498
961371
394028
82824
207627
855995
816352
527649
599380
813545
359185
905742
376224
322389
137938
645587
328612
139954
891101
435763
430587
786614
420942
176633
990050
629342
547555
370352
524797
816999
810818
913835
455953
874518
301363
901438
981640
900210
92130
457346
754032
710148
283806
503381
489084
610014
464733
925848
72833
786321
377590
713903
347834
369717
56549
596293
80197
763173
795658
392645
177060
969920
727082
856354
202045
565034
139117
559056
75227
302728
943198
108104
71786
155016
82031
185096
97790
687639
148914
562065
331853
565608
878880
917223
513264
405876
725526
453013
768743
402293
4755
876198
652114
905449
882300
168685
378360
827221
976729
697086
734724
576
842325
186802
698051
550451
415489
414695
885351
723584
859217
319870
279495
205368
259357
821724
743901
391667
64418
297513
276358
346188
78655
495892
808774
811427
293049
226380
126081
740057
952183
317192
374147
849815
824646
11777
493945
121543
496022
65907
104310
954777
144571
428384
138863
308160
397293
295692
553663
212787
112392
601154
146404
153644
114765
595213
529216
621100
502751
87296
948568
330613
297543
825839
586457
730894
433457
119476
712526
188035
928109
734955
203179
709475
781486
528181
998534
357952
704270
351161
924504
289394
629192
445151
125440
1109
474045
103443
35520
991110
490736
26440
39166
396265
707274
299506
557124
832102
78550
875851
942529
347944
104070
805711
309830
916573
602540
36928
858058
378233
594178
646498
984935
872370
91555
522624
983450
599365
482959
591141
413446
767664
795627
788324
666546
707126
968575
979985
334663
275806
844086
949062
109651
396404
208033
956511
309064
629895
972596
820350
409085
902953
967560
404679
796908
961715
462296
95333
789555
329278
860804
484036
309587
611498
623376
386197
275956
420059
107878
985997
597215
754935
947408
213605
520770
900137
384191
681179
169584
424033
941959
129584
914590
178770
430816
394217
336167
114227
801383
662799
369737
511103
867674
990062
812518
953013
116832
823257
292612
792536
902591
782884
826958
217135
325092
897961
988944
889350
677727
475524
724478
429676
692260
241815
543982
821171
156042
308423
828377
523444
420368
720061
809118
678536
570643
273445
601088
226767
612314
231538
514915
725101
884171
246872
953362
732936
724530
654609
76604
139852
14337
510041
229875
147879
911818
269554
474156
9229
621895
225057
203073
380917
233811
255791
851762
878361
377071
613032
893343
398330
831166
547807
364240
543387
595720
356585
132398
925377
881403
27997
49159
862969
128549
234459
689549
515730
14204
667329
222231
209503
928918
146743
502687
505398
145777
456869
297347
68211
51372
64952
559749
178678
975180
141409
934987
401888
242041
488981
4063
541083
422526
521806
228911
475855
424652
390088
32974
302189
138487
852229
113842
854632
696823
238794
661556
888503
431209
690336
85779
418197
306252
286419
41777
34497
51333
590646
975252
307519
337691
528926
282854
718740
479099
840354
361974
747277
842357
985122
722421
826233
574653
259837
697018
681899
218667
591449
388543
620601
306427
228062
107169
295743
106702
177915
9251
460893
390759
461920
196140
347637
321967
419651
297412
244974
498930
996059
413083
457588
901344
248680
26755
858997
808781
574313
91889
890149
682801
646820
696640
859643
33512
629026
644205
849714
44530
119919
150492
54345
708725
579806
516818
557187
713270
854276
107384
974504
353380
29561
791071
70530
667789
57242
706166
410081
240807
884809
205590
873944
455881
847275
334455
946173
357231
396201
375992
609517
602169
870000
421467
503301
397036
901553
334022
924906
451823
992161
876803
284610
202384
114426
902144
783673
708285
17145
754832
