100
865315
140955
343646
984633
967235
331287
884965
734445
191982
282575
87362
260729
682148
227791
992792
197726
964618
192935
792302
844382
413479
657327
495148
395393
168233
643325
298722
307025
382366
538160
538690
199773
53883
472553
932193
707578
272345
380813
576186
6909
303602
524740
70954
745986
111400
464829
985589
645032
270911
623592
394560
449811
571614
607034
185941
617257
447571
604205
591522
783126
993356
842813
135098
703816
732446
31532
210
42483
246657
281278
345733
197837
487249
948862
24081
453203
757583
173368
458264
506051
811999
73469
415328
328416
304392
732706
716755
421106
882359
468736
802688
544131
479035
127670
436120
693282
126026
806946
74034
792036
