1000
6690
8454
2365
7136
112
4751
822
4419
9950
7510
3267
8391
8805
5714
1506
3343
5956
3945
3755
1879
4316
2810
5313
8830
3412
5629
4206
6297
3213
4185
6780
3962
4066
5831
5515
9855
7486
1475
9167
523
3146
2795
948
8610
5479
7902
1171
7074
3420
8019
8780
6485
6286
1954
6022
531
5729
9452
5341
731
9044
9848
9672
9187
7837
3236
9408
6390
3098
742
9079
338
5209
2411
5844
5001
4181
6481
1812
1217
4783
5596
370
7244
5588
7672
6077
3795
798
5786
5475
3003
4841
8799
1471
7112
7691
6940
5186
356
6629
6402
676
4118
9095
9115
7326
3080
1578
6806
4494
1038
3251
7939
7130
479
2949
9947
5623
3965
3682
9932
1432
635
1421
7265
864
6641
6813
7551
8486
9890
5257
4026
2319
8087
1529
6878
1751
7526
5852
4925
9248
8640
7152
2309
2776
4560
4586
6471
5216
4374
4901
9980
2690
8050
2317
9718
5166
3854
5365
1158
5117
4210
3540
7070
1378
2739
3616
3098
1834
2024
7009
8426
3723
365
8483
5257
6726
6738
7816
7925
6697
6888
1293
3283
6733
2223
1404
8997
3439
941
5253
8334
6578
1777
5311
6905
7715
6820
3019
8310
3999
4700
8962
9763
4300
8715
7460
6228
7169
699
3481
7958
3756
126
7858
6619
6205
7720
1822
9149
2600
7114
5675
7456
1192
6223
8740
1336
2767
4745
8729
3932
4926
4584
5733
354
2023
1963
9047
5190
6472
8001
2120
4462
6829
1933
411
9335
5997
698
4493
1693
4477
6066
1192
1378
7624
3664
2238
7087
1157
8994
5093
771
476
6529
4872
8442
7178
4673
7215
8569
7929
6418
4882
6132
3224
2487
2407
8471
6387
7849
6410
1768
6000
839
318
3662
7393
2296
1398
1045
7127
210
8511
9822
2676
9314
153
2831
1406
924
4695
4429
643
495
3671
1934
8839
5152
7363
2278
3691
284
2497
9040
8230
6635
8534
9114
7629
7168
3740
8749
6207
276
3362
5483
6884
4599
1322
2740
2003
7295
3252
364
9876
686
2765
1241
2118
5259
261
1127
1817
4047
9505
8132
7289
4045
7905
7495
929
3062
855
5042
1352
8317
7111
8314
9623
3732
4217
1422
8432
4254
8512
9904
3437
1372
4267
279
7675
1050
3258
9443
6228
1676
8386
7953
7658
7256
4075
2993
2886
8773
5469
9604
1894
8256
9786
7855
2182
8348
6445
351
6041
4983
2845
3429
7684
7586
4766
7368
1857
8765
7484
7847
9329
1667
9580
7155
5897
443
2544
6703
3853
4639
4323
2473
7820
7673
4279
485
7164
7880
9677
6095
2096
7827
643
6011
1169
9931
6234
5696
9452
9627
6192
6163
6067
3876
7311
7295
7131
5154
7064
858
9870
9998
3859
6110
5219
8459
577
4585
3898
7377
7789
4986
811
6147
7393
9224
6637
3567
2763
5360
7967
9854
1704
5196
4799
4453
1577
1116
2292
6327
2105
5065
6989
5624
5806
8821
1931
2929
3523
4651
3441
1148
4370
4212
2623
1469
4307
6807
9847
9814
3638
9859
3566
4345
381
7641
5075
2303
6826
1336
6377
8547
6419
7675
1082
835
4630
4335
9858
5607
9442
3023
836
4863
9977
7439
3614
942
2520
9726
8488
5233
4032
8549
8062
3650
9099
168
3730
4454
5461
1480
8324
6060
2563
2729
6957
5847
6666
8619
6010
9868
1170
4613
6102
8925
9206
200
7369
2230
3708
7689
3153
961
1243
2675
3254
6917
6845
5869
6644
6766
1945
6862
4363
6626
6070
2126
5006
4347
2117
7294
6102
3488
7274
4727
2136
8047
6433
1219
9393
2358
2376
1756
1474
9426
6401
9993
9335
4843
5371
2332
2258
9944
347
3205
2138
2116
4740
1344
7720
5462
8904
3805
7426
9627
3066
4131
1268
2160
7807
103
9941
9154
6320
4133
5638
1650
1816
6126
2462
3742
4913
2537
1722
489
8696
3256
6554
1557
6745
1040
595
3554
1899
2520
5249
3585
257
6885
888
6071
4017
5924
395
9254
1696
1819
3329
4827
7092
6685
223
8775
9400
3368
2939
9223
795
9482
4535
3859
2191
116
6180
5777
2827
9749
9570
626
9964
7649
2034
7952
3193
8001
1030
6256
2881
3127
6557
4333
4947
3548
9934
3341
8667
407
6891
8431
5945
1173
8639
6266
6473
6487
214
3830
8951
1843
7569
4639
6445
1148
2056
4382
5856
9757
4447
8664
4108
5304
9391
5067
1342
471
3672
1450
6438
1042
7045
7622
5896
1407
726
4288
6323
8339
5214
8677
3494
4079
6910
2186
6777
221
6036
8981
870
1926
660
1705
9440
9000
8302
2169
1271
8552
6625
6957
2821
9067
9299
1990
1725
6974
5159
7528
251
7727
906
4302
7877
5189
7958
7867
2233
7387
2538
3472
9265
8146
9780
2596
6369
6752
401
6651
8141
6389
8410
1369
3228
4702
3539
349
2420
1558
2920
6183
795
456
6570
3577
4539
898
2157
2342
5836
6588
4754
9087
5425
4933
4031
2085
3316
2116
7157
9646
7986
8693
6405
4914
4791
6956
4562
311
4790
543
4695
6230
546
7496
523
5916
4734
1814
1207
3334
4557
8096
6232
6127
8027
4161
6968
2907
587
8853
8021
5125
5948
5194
5067
9801
7283
5239
6850
9276
8923
8392
4286
2820
1062
7166
2129
4918
8068
5841
235
6996
8325
3203
7707
7358
2929
572
2470
5041
8484
3025
1141
3544
2595
2969
6078
7443
356
7240
6784
6364
3558
999
3739
4705
8132
9550
6260
7080
1920
9450
410
8155
381
5198
3794
8050
9016
8869
9686
6760
7765
483
2067
1052
950
8830
1818
9205
2444
9352
1881
2798
5073
5386
1714
5876
1059
7888
1627
5017
7271
493
8208
8430
7249
8542
9765
9071
7888
4146
3542
4498
1177
2472
4524
6716
5131
1575
8464
8214
9568
1405
2093
5386
7339
9766
2411
2783
1130
983
8904
5202
3492
498
4300
1316
6246
3643
2788
5433
467
2863
3212
3071
1401
1060
3311
9917
5739
9124
5239
2445
6183
6805
5836
2338
2361
3026
673
9798
7436
9403
6335
1672
2063
4437
4996
1253
