1000
7001
8841
8303
2944
6089
6779
811
1669
3869
378
495
3825
618
8982
4949
5457
9718
2485
3719
8811
4798
4257
6995
9960
581
2592
4644
5848
3526
2053
6887
1128
8106
7959
3062
2683
397
7770
5281
6907
2925
1781
214
3490
5028
6083
4528
6637
1595
7902
6880
9268
2435
4207
6392
8555
1068
9992
7288
6746
2690
5535
9161
3362
3144
4859
2665
7756
5111
1283
2432
4339
3783
9114
6658
8118
7119
5010
8436
8746
5355
9651
155
453
9000
6206
8665
7098
4937
4766
381
6299
3858
1036
1501
8541
1145
7488
3139
2484
997
8819
6361
2065
2524
9361
2921
7453
8195
3519
8490
1065
7713
5711
6276
2631
7602
7642
1943
1638
7210
6720
2243
3825
6210
7865
4182
7329
3996
8193
6218
3179
4336
8297
9495
2657
5269
5098
3611
7069
9929
5571
7086
4795
5830
6438
6323
1282
9806
4271
3251
5509
4530
3876
6702
8431
7932
6934
6639
271
4463
7402
9518
402
1138
9032
9046
1615
3990
1801
4901
8147
9529
358
6047
3671
6962
1698
968
5487
5792
9648
4337
5788
4435
3912
5175
3470
7919
1259
7519
6046
4691
4159
8275
5785
4804
4878
6021
4432
312
9996
9845
9085
7489
3052
9431
7607
2331
7096
5983
9583
1741
9850
9947
7467
483
6104
7364
1183
9181
6879
9713
8083
3481
2622
1427
4105
8168
166
2329
1856
3385
2233
4398
6393
3935
4858
5536
1299
6464
8260
6797
5450
2248
9718
7406
9772
7854
3543
5142
5478
611
6072
6366
4780
3163
3793
5813
2439
3010
9645
1138
964
6316
6568
8541
3265
1189
6894
3321
7619
2733
3533
9812
3621
5081
1464
5663
635
540
6333
4211
3494
4709
9546
1862
9712
9263
9487
7035
9743
8071
3398
3595
5030
1454
2956
8253
9708
6978
760
9614
1228
1642
3363
475
1359
2583
9384
9452
2732
6770
4507
8212
5042
5515
7385
1728
1183
1946
1441
893
5545
2854
7929
8474
8671
4576
157
8610
4714
6220
9110
7748
4493
4853
7298
6412
7693
2069
525
7569
5807
2343
5949
678
4703
1759
7787
3007
5390
5210
9330
8595
1937
2131
4840
2444
7067
2482
2922
1170
4512
7182
8440
2511
6588
9803
7441
2568
4825
9235
2832
9622
9745
7535
4688
6326
7120
8846
493
2047
5897
540
5678
8677
8177
7540
8885
3579
674
3649
757
7356
7619
5017
4321
8027
7791
1537
3214
2179
2409
6981
2839
4001
1909
5525
3328
2222
9180
3076
9150
5228
2792
926
5080
6977
7964
5383
1771
3379
4058
3321
3418
9504
8690
7868
649
3647
6691
9516
8563
8944
762
3517
9888
1315
839
2907
6296
4685
7688
8450
4801
4627
4894
3656
8864
3942
3748
7771
2566
4549
669
1390
250
7522
227
3095
3404
9187
2736
941
9627
2664
8116
7427
3089
7267
8191
5386
3543
2073
503
4989
3282
8964
8595
3809
9233
9994
4828
7796
2924
4874
1068
9640
5201
9232
9659
7786
3041
6811
4204
1324
7704
5741
2824
7072
6009
3876
4692
3989
5982
7093
6014
5589
8028
6073
8035
5353
3144
5045
9378
7353
8753
5235
8015
7152
5931
3242
6262
9891
4328
7518
2861
3740
560
5879
6306
2073
8374
2274
7775
2951
8067
372
9767
8907
8026
8080
4417
8768
7423
4693
3252
1794
533
4736
6757
2702
5612
1863
8866
1072
1771
3660
3237
9242
5377
2731
6614
6052
8395
2627
974
2425
5917
3033
896
711
1113
110
1889
3890
6795
6150
797
892
101
2491
6939
7304
8493
4601
5751
8642
8271
9319
5651
3576
5588
8234
3622
9879
9373
7896
472
519
169
6631
5177
6044
7126
9681
9592
369
7999
7733
4503
8666
9015
1031
6045
1829
4761
3724
1239
4448
6173
2490
6803
7054
9115
5555
2393
3527
8978
4544
8515
9282
7188
9148
964
2432
6697
3247
3285
6604
9891
9431
4346
1920
1547
6806
9201
9158
9501
3920
6741
8288
5017
5797
5423
6602
6814
4003
3735
2921
630
7818
8745
5100
1573
9518
8497
3206
8519
7232
6001
6862
6468
9276
6358
300
1970
7399
2733
769
472
982
406
5758
5505
4648
552
6502
8387
8476
1431
1529
216
2606
9100
6193
578
3492
3598
2435
2648
7787
5406
6829
7246
5465
8414
1636
3934
6202
9352
4230
4675
264
4805
8829
2129
4976
6284
4353
5563
5369
2781
1874
3803
8950
1433
1785
8811
3675
5872
9872
5276
6982
8174
3846
2297
7984
3014
6799
9169
7359
3408
3936
4618
578
3003
903
3138
8213
5496
234
1878
8461
7363
1185
6927
8733
1928
6397
6134
558
5706
9848
3208
4767
4553
1275
4315
1735
200
7923
972
9008
3892
2904
1572
6836
9935
9950
7907
2451
7264
7934
6185
6094
9727
3218
6022
4662
8542
1089
7123
8306
6895
4471
7159
8729
6392
2296
7765
9111
5454
6187
1828
7033
8504
483
3672
9908
8880
4197
2828
6462
2000
6575
9305
5199
2568
8190
9455
8575
6951
6951
7000
1792
1956
2335
4568
2907
7891
7489
2941
7378
6383
2417
7492
4436
3360
2986
7642
9582
5918
7665
9655
8974
433
8428
251
4553
1959
9534
4480
7051
8132
7112
4672
7616
8779
3764
2591
1638
600
9750
2255
7131
1940
7828
7312
3846
1915
1376
7132
7864
5730
4527
6959
6964
7093
3809
7606
7211
4176
8962
1180
6397
4880
7208
4590
5399
9442
3866
3973
9367
2971
188
2742
9226
5011
9363
7823
3086
4727
1241
5130
1133
4980
7114
4775
7623
7703
5281
3212
7340
8074
4089
6968
643
3808
1169
1080
2782
5094
9485
1908
8256
5177
4401
6411
7014
7952
6208
2857
7606
7710
5019
7055
786
919
425
7143
8402
7064
3392
7398
9316
5052
6535
7587
7049
1161
5542
1272
4743
7183
2867
8215
9279
804
4389
3494
350
3004
5095
2183
6951
1784
8276
614
1504
7193
4235
8868
3634
7857
8234
8281
2217
1287
6019
1778
7570
2256
4571
4058
2281
9786
7212
3605
4797
6106
3960
4148
6304
1063
995
685
2121
268
