1000
8521
1787
8143
7855
3353
4773
946
9969
5262
9215
1815
2358
1585
6810
1802
5721
8191
8542
5167
3520
6113
6577
3053
5442
7565
2833
7709
1146
4872
9182
2548
5782
7625
1519
9272
1626
4796
5791
4381
6340
483
9473
3207
3452
3741
6564
127
8119
6258
1233
3214
7576
2467
5739
9090
2557
9860
8163
5132
8063
3076
1654
1520
3296
9801
7505
5990
4285
4623
4135
5768
3190
4994
7914
4820
1731
7122
5739
6556
8055
6573
8632
6657
7716
1223
4415
1391
4732
5609
7994
3574
3051
2485
5282
8348
7697
5910
5659
5621
7096
4566
6851
7386
2835
3913
4184
2035
2352
856
5945
7044
9146
7023
8962
2827
8371
2348
2880
4901
5959
5414
6389
4952
8941
5430
5155
8706
6899
317
2186
4711
6355
4530
4785
7804
607
7859
7849
5270
9273
2638
4557
5119
6074
8110
3030
118
9398
9671
1184
9007
591
2516
9938
3300
6721
9804
1563
2597
7579
5548
3492
7356
3637
6747
1637
5712
1307
8131
2342
9389
6199
4028
3778
2487
3407
3095
3416
1247
8865
9579
4664
6978
2524
9252
1024
9615
7076
6980
5527
7822
7441
9078
414
1165
2106
1385
392
2592
3018
1568
6520
3210
5041
5353
4026
3747
5617
7643
1989
9887
9388
8913
6162
6270
2369
7134
2380
1398
2904
5676
984
661
7662
8731
5749
3508
6848
3100
8138
5940
155
1540
462
9288
3654
1935
7919
8727
8500
988
7146
2357
2534
6885
703
2974
6849
6619
1144
1128
1166
5636
2440
2357
9419
1737
5000
2093
198
412
5205
705
1172
3400
7048
1628
5914
2758
6254
8583
1131
2009
9327
1702
1495
5002
9235
1718
9679
1991
5525
9886
3956
8737
7439
3532
2752
8470
1609
8845
4061
8513
8109
260
1134
6966
6650
4492
2794
9507
6218
3569
3740
4223
5615
8816
7881
6654
1393
3776
9108
2220
9062
3390
4149
431
6934
4022
4015
2159
5390
5498
8939
856
9592
689
3058
6032
6556
1963
181
3859
465
7441
9989
1206
2082
6615
6603
1592
5615
1022
3181
7813
7928
7116
8268
4299
3505
7889
4744
2315
2749
8556
7807
8555
4778
2482
9429
5908
2812
8064
407
8062
5968
4614
2355
2302
2426
6431
653
4537
8890
2789
2396
945
4722
7161
8737
7509
4583
2395
3739
625
5839
1474
2025
9514
2945
1949
728
6266
6723
8165
8600
9091
1589
8407
3075
6565
9229
7618
1237
1318
7606
293
4704
4016
7635
4889
5458
1066
5888
8495
9056
5104
7064
3098
3204
6413
4225
5150
1607
2253
5707
854
6288
8748
1073
9745
4507
9964
4885
9607
5465
5832
2854
4621
3690
5926
4236
2968
1599
9696
1717
5731
4672
6328
3498
9863
9470
6422
7451
5688
4913
4722
8474
6376
4944
9033
739
9553
1854
3296
7270
309
1536
2614
9366
6768
9786
8300
4203
6088
235
1771
8258
8341
6374
1750
9641
4575
4416
5778
5540
276
5288
504
5576
6223
4216
6711
5737
4450
306
4598
5117
4025
342
7884
4031
267
1134
6305
6376
4949
9988
7868
2628
2190
2699
7501
6878
6401
7895
8302
6285
5042
7582
8318
2903
2564
2264
6983
4155
460
1106
7661
3123
5107
4625
2463
7619
5186
6044
597
7568
3005
4858
5561
734
1708
3552
3076
7942
2246
1164
7561
5791
4251
2279
4547
3189
4135
8682
6063
3092
3435
1063
5727
1238
6440
5935
7684
9304
4553
5170
4143
7714
7632
1420
5461
2177
9147
1770
6633
6449
4125
6798
8521
9139
6331
3428
9642
7778
7414
1025
2229
3972
4726
6403
6533
2662
7706
5075
5721
4889
4721
9171
1714
7492
6580
1154
5011
3395
4383
5484
3252
1319
7034
5253
403
9299
4523
5489
1805
9119
3795
2266
193
3183
6827
8372
6256
6218
6072
4837
2556
2646
5421
4904
8118
2962
4228
5035
5653
9703
5703
7735
8847
400
4386
8887
7134
3931
1146
5584
5612
2742
1469
2906
5145
2249
3533
9342
7667
3760
8118
3103
3239
7840
7413
7473
3088
4803
9768
1111
2036
6007
4776
2497
1993
5745
9707
5453
5028
6796
9882
7028
3830
4544
5305
901
7499
2685
7061
6994
2263
7955
5064
4723
9691
4297
7081
8973
3634
5286
5972
4866
5081
2192
4983
6239
7393
1360
4402
8559
2683
9103
9964
3693
7372
4732
8341
6417
624
718
3997
6254
2906
2762
2142
4002
4580
7797
6312
170
4642
2407
4485
1591
7374
2084
4224
7322
1896
2798
1947
5356
8423
7871
1861
739
7884
3155
8090
3538
367
6621
2980
2234
1277
6077
7815
3025
6442
6256
1407
7100
5916
1536
7241
4861
4048
3067
3813
6332
4303
3298
6504
2973
3804
484
2168
3920
6733
711
1432
6792
1076
4239
6370
6078
4898
740
3465
3990
895
7824
6568
5646
2913
6990
1584
1457
8415
2447
582
5099
3375
5276
9428
7577
1995
3652
7030
9759
3687
806
8624
8938
4424
7367
1595
6152
8055
9871
8642
4713
1937
9563
4935
593
8707
6051
9254
530
1951
1513
8668
6085
6885
231
274
9864
7119
9096
3759
6475
5466
711
3880
4932
328
150
9996
5792
1278
1363
1847
3329
8060
1226
8406
7538
1120
1101
3319
7773
722
8478
1595
5245
3586
7748
6164
2791
8966
6600
5020
6300
5841
2889
2982
4162
9957
4092
8268
8331
3846
100
9093
3316
4254
5103
1303
1720
9113
794
2549
5748
9429
329
9126
8086
9241
5539
5706
6621
3253
2861
7951
3666
9734
5146
7162
4559
9909
8304
7799
7202
937
8368
3820
7281
4675
7341
5316
8983
8402
7550
9109
3189
208
2203
7638
9092
6617
8249
1133
9749
7921
8993
4958
1070
321
7383
3662
6116
6420
1721
7627
7364
3831
4708
555
9285
403
6323
848
6365
5827
4086
7163
5115
3144
3325
993
8771
8615
6270
8610
6521
4646
7182
5284
6472
482
3607
9168
7798
445
650
6145
8522
1551
3083
8065
9524
7924
8986
3010
1145
7838
7304
3445
5827
520
3995
5452
7534
8729
4256
6868
8334
351
286
6281
9669
