1000
8445
3531
3163
7587
9907
6811
8210
1480
3708
9381
319
3373
1951
2796
5050
2154
906
5198
5495
5279
4463
967
8980
6798
7771
1963
8595
5761
1256
2252
278
8809
7618
3494
3405
6919
3918
3467
172
4963
6486
3983
9514
8684
5109
9369
3921
9507
4550
3017
1136
2389
6265
6936
1437
3421
7264
8676
8359
630
1035
3229
8754
4084
1564
761
2571
6244
6095
8717
5022
5846
4846
3902
5121
1911
4233
8231
4966
3191
3089
7527
8708
6729
8706
7658
8657
8421
3638
4088
3164
8016
1283
9995
5029
561
736
273
6137
3035
5733
3583
7828
4749
9601
4309
3157
2713
859
7878
1796
4712
522
7587
3112
5869
2009
1651
777
7400
2937
7742
4493
5423
1636
1753
750
1187
1549
2326
1858
566
1943
9176
7904
1338
8168
9420
7587
4740
6068
1990
1593
945
7185
3611
4339
900
9794
8245
3303
4016
8250
7119
9536
3406
321
5288
5047
207
6383
7255
8269
9526
4989
1307
1998
2414
9802
8564
956
4593
9926
2602
6881
2858
9824
239
4721
9637
3061
4222
5719
8182
1865
5816
2284
3729
1430
1004
4193
6497
4710
6363
1459
5937
5511
9960
3286
3337
7077
2359
4671
5524
7986
6611
9986
7032
9627
4043
4341
2130
2677
5153
3750
7870
275
5230
1114
6205
8008
6879
6805
8905
1469
680
5862
2696
3699
7404
4552
2610
5191
7272
1575
4656
8139
6305
8213
3123
2632
5199
3313
1775
1757
2777
8218
5324
9952
1584
5393
2533
5356
6850
3611
3557
3898
1245
3427
3577
8527
5177
8716
9116
8726
6700
451
6332
623
3872
1781
1262
4482
9704
6382
8399
2573
1443
799
2399
7471
7484
7541
1987
9160
4077
7718
5285
1004
496
1039
4835
2247
2172
9105
5030
9379
4108
4298
6265
8503
3234
8867
9017
2922
9408
489
9833
2807
2854
4203
5362
3923
4164
1234
8494
2499
9176
2971
7757
8621
6373
2989
5597
8087
4585
9672
2258
8047
9405
3574
3379
4306
1089
6773
1060
5089
7955
1355
3720
2297
6743
5926
8942
9598
5908
2716
9374
4878
7443
7472
1488
5080
9424
4841
5405
5507
6089
6744
3592
4750
3267
752
8807
9385
3630
6426
7923
846
3437
4029
9039
7637
4119
8548
2290
9976
9771
4420
3820
2239
7944
8044
5915
4307
813
5255
1278
5694
7152
4605
8499
7227
6957
4852
7379
6297
3573
7585
4587
8076
2013
9210
7036
9981
3539
6688
9708
2050
2927
2090
2278
2468
8551
2872
5728
4423
4922
6187
4785
8174
7279
6929
8165
8264
6300
2385
6301
8379
1373
2531
7003
8304
2952
4145
8914
8824
7887
9962
3397
2509
5751
6990
4272
3428
4331
1567
7134
9507
2841
283
9209
3978
6497
987
6211
9871
5041
3407
1804
4000
7812
8834
7501
1132
4351
8984
1422
4858
2585
3205
8966
9629
7362
1936
2089
7542
9128
4764
4334
9188
902
8377
946
7053
9207
1789
5291
6756
334
898
7390
5922
7675
7823
3419
3322
5429
4989
4511
7187
3326
2150
7774
4961
7390
5177
5720
9839
5099
1713
3254
1065
988
9802
1211
8527
5424
3387
2379
5040
1485
3570
5669
6167
6355
526
3725
7462
9757
1425
9577
6055
3330
648
1041
6353
4233
3550
6725
375
2314
5026
5605
1981
308
9873
3441
2794
6961
8693
2328
7684
447
2561
4935
2969
6452
8620
8356
6277
9934
5056
4174
9377
5750
4492
1043
360
788
9892
239
2680
681
4940
4589
9000
9289
2207
4474
3901
6243
1874
2324
5906
4555
4879
8341
9891
1882
1359
5892
3900
7716
3072
5694
2523
7628
357
9651
6321
956
5819
3197
7472
9674
3766
2739
2127
3436
710
4532
7460
1103
4315
8519
1858
2769
5252
6625
7961
2277
3648
5287
3928
1382
721
1264
4020
3416
7255
784
7837
8167
3883
3793
3244
9155
8650
9605
9071
3019
7904
1678
832
5926
2463
9596
5287
3560
3831
7286
2342
8446
3031
5129
448
785
1904
8787
4437
6697
3217
9138
3188
1121
9776
7189
6096
2346
9857
7263
313
9000
400
581
7675
1188
5604
6508
8424
4481
4502
7987
4579
7157
8402
5651
625
9375
1904
3318
8921
8977
1291
7305
5514
4331
6720
8920
4620
7125
7596
3103
8909
9540
5069
5181
3178
1975
3884
3324
8926
2755
5441
9243
3244
2463
6906
8839
287
1667
8387
3788
1781
3930
3626
9497
4727
4330
260
3846
2105
8362
8515
5704
3542
3885
5004
4369
9243
2777
3693
2197
5856
5029
9296
7427
9090
279
6743
2724
7175
6092
5385
8304
9902
4443
6624
8396
2524
2818
9895
2375
8641
1612
3791
414
7886
4433
1533
1430
4777
5119
9798
9174
3318
5024
9167
2670
9296
4034
6193
7262
9634
2461
7318
2773
6240
8600
8838
4373
8255
9335
9706
4032
9556
9370
1656
3807
8154
2748
7486
5886
5319
390
5059
1472
1935
8013
2163
9275
5300
227
4110
3494
3439
6512
6467
201
3984
860
2463
471
922
2255
6759
4630
5372
5405
7139
119
6561
6019
7347
2061
4334
1643
7648
7387
4349
1432
143
7857
8897
8330
4574
5378
7820
8050
860
9083
539
449
2159
6039
4122
4458
7873
2533
5890
5326
8463
9449
2758
9656
9619
9954
7256
620
2959
6248
4864
6662
4767
6312
7774
5985
808
4472
2570
8513
9840
5562
589
390
6104
285
6109
6659
9907
3992
8683
5657
8506
2475
809
5667
3444
9098
501
1163
3469
1983
927
443
274
1471
2200
6273
4792
8024
7546
6507
5362
7874
7071
6654
1557
4861
4814
6358
9633
9054
3573
4004
4978
5050
1536
8680
3586
6451
4494
4663
7682
7271
8794
7580
9446
8033
3255
2628
7152
7714
1120
2236
5092
3612
319
3849
6487
5942
2619
8599
8016
6009
2827
2202
5150
1613
2067
4829
4859
2720
9940
1691
2777
2304
8831
9159
747
3185
8109
8154
2465
5790
9144
8627
6551
614
8253
9210
1005
2569
8973
7427
1657
6505
4107
450
1447
2626
2527
6329
149
2183
3035
6020
4391
6981
