1000
4231
6523
6496
8605
8587
1543
8199
4106
4923
6774
7448
9392
3665
8668
7807
2349
4667
6343
2854
4230
2340
3099
8056
632
9465
846
6428
5312
4173
7416
385
5974
4363
3017
2873
433
1354
9762
6187
3366
6266
2969
8780
6169
133
253
9884
9069
2725
295
9137
5172
1729
9188
9788
4149
2603
4005
406
6645
5266
6212
262
8160
4852
4304
8334
315
5502
6653
980
9847
3420
9920
3330
7799
4565
4155
8985
819
5581
8977
8492
2543
2217
982
1344
9119
8462
298
7970
4016
299
2918
5059
9287
6696
8802
4774
7768
2705
3229
1693
9992
5635
1265
672
1711
4871
4591
3187
4054
458
6044
2259
5416
6662
9248
6998
548
1941
1241
9830
8613
6425
9650
2147
9855
6028
5574
6885
1151
9004
8236
5179
1283
4612
9561
2150
4283
244
5241
7412
8920
1172
5820
2676
7522
5113
6045
3258
7071
583
8311
3646
1181
1411
7880
1143
1150
5480
3599
3454
3799
2587
3268
9665
6500
2879
4662
4022
8796
3230
1830
1909
6163
3778
1890
4339
5781
3643
735
3359
9002
5007
1920
8022
7581
9865
3167
978
1700
6068
2188
8367
7340
3084
7932
8888
3553
1765
2125
3221
9909
6513
4424
2611
4004
4498
4911
7846
3719
8233
5124
7336
5310
5406
7320
2274
9568
5466
7214
3331
2579
1195
3143
5413
5103
8338
6234
4799
4245
7828
3653
1047
1089
8947
908
1826
2459
9264
288
1032
9125
1886
8033
1499
3261
7495
8298
4538
7313
1474
1328
3580
1587
5870
6266
6992
3037
1319
5130
3321
401
733
677
5911
3068
2316
2324
5220
4207
1921
2748
6346
5602
5377
4072
3238
5757
7523
136
5366
9453
4854
9249
3581
8782
2652
6321
6056
7757
6315
2605
8179
2553
3007
2619
9875
4055
5426
5853
7174
2025
9770
1045
4846
796
1719
3008
6736
2943
5935
8998
9046
4036
7437
5601
1678
4911
2717
619
8925
3975
7201
3764
3958
2671
6656
4079
5300
8185
1908
7460
2618
5554
6005
3067
496
5350
8897
8632
3397
6885
6989
829
9559
814
9638
2408
1270
228
9682
1359
9902
8805
6783
511
3311
2343
5497
5171
4806
9587
2449
9963
505
7486
9434
974
9771
2591
9999
8592
7890
8380
4353
6937
7123
4739
2699
1169
7124
4556
772
3498
1144
1367
7765
3142
6974
6126
8386
2464
125
6650
4869
6859
6965
9315
6768
9095
8915
1859
1610
1615
4307
932
2695
1014
2279
9791
3261
645
6728
6157
2120
1380
9997
4820
9234
6577
7698
4550
5386
7313
4724
4505
6570
3223
8607
7787
2751
2899
9315
9645
6106
4098
1140
4511
9125
5884
5608
6164
1962
1836
8964
6875
8705
5471
8947
2960
7890
2953
316
1026
2703
706
5111
3871
3831
8151
4704
6695
9271
5440
6930
1280
9521
7610
2505
7303
3410
5024
6340
5435
6428
9373
851
6602
5516
6990
1481
7445
3666
3310
4732
6036
5576
199
4084
5999
9339
3899
4715
6154
2259
8932
883
9342
3324
9376
5064
8121
1274
5730
9800
2135
7917
9871
1410
7952
9899
8963
1259
7149
3954
7921
8666
4786
145
9603
5976
7067
6082
5165
9806
3040
8682
5801
3507
9965
6702
7679
2157
7772
205
2231
193
7513
3821
8859
6702
2043
8186
2398
2399
847
527
6856
4813
9118
1920
4051
6303
2271
4051
727
4911
2067
9206
7622
6554
5135
6890
1570
3866
3082
5841
836
6281
1665
8576
308
3292
7148
9425
4057
3352
8220
2676
1656
5559
1249
7856
1026
9263
835
2199
6330
600
7265
3180
4252
7227
7872
3396
4403
6900
3360
8765
9380
5501
1036
663
3694
723
8295
2446
2795
8019
3573
5302
6314
7821
9628
7918
3399
7708
3099
1997
8346
6099
8147
2056
6364
3244
2007
6417
1744
9337
5557
4226
311
3329
6188
6881
8071
133
8727
3719
9949
4234
2471
3458
1664
4020
5311
1682
3571
6862
7956
9217
5620
8434
3903
5354
7701
9874
5090
5642
8623
6287
6504
8789
9227
9059
9068
1211
2068
2653
7485
6904
5451
3496
8293
3229
1390
8124
4089
6525
9810
5370
441
1768
4661
199
7243
8771
4734
3138
7713
127
8250
3179
7688
2355
1897
7846
4086
9090
1304
4824
2243
1284
3169
2340
4389
5764
4065
7893
6117
2186
6282
3649
9666
6217
2817
7435
9064
2452
2611
4365
1502
2314
7262
8904
6874
3364
2198
4185
4701
6081
2330
9562
6985
380
9664
7775
6003
9258
7868
6747
3420
3014
9426
4523
764
7203
9472
4395
6514
574
1575
8149
3597
7211
897
8732
3367
8706
9786
3760
6092
4943
451
3399
9260
1614
1022
7738
7230
6743
4192
947
7119
3989
1813
1644
7213
2685
1876
6844
5319
1298
1894
5716
3928
1317
8233
565
3565
6116
9150
5257
3282
1706
7675
7464
8541
7050
156
125
7763
9572
1319
9935
338
6483
2492
7317
3692
4757
728
6541
6014
4094
6405
9886
3024
4188
6147
108
9804
3082
4905
1384
6274
312
6825
7957
4385
4288
1464
9676
2528
9999
5401
8272
2204
3463
977
1573
5727
3158
1319
9184
2905
5075
9349
7293
8522
8650
8951
6748
4369
6556
3891
8640
2036
8027
9426
8419
2538
8842
4746
2115
6291
7017
2091
6571
6544
7817
5216
4924
4684
9372
2471
2696
9129
5876
589
6009
6194
6956
3125
1732
7624
4981
6614
3312
7755
8991
4106
6838
742
2766
8761
4489
7029
7943
1457
8066
475
9082
2979
2304
5698
297
9475
2729
8967
9588
9921
8716
4309
993
4792
2302
7445
8915
691
7929
4055
689
5051
1620
9726
4879
4599
9659
1405
825
7026
7080
6550
6563
6093
2387
566
3773
5625
2111
5754
5940
4557
2588
1263
4328
5336
7678
8790
5204
5861
2685
5201
3045
7948
4722
6930
2721
7340
6206
7818
1642
3376
5429
2772
8941
5445
9364
4946
9957
9468
3571
676
6760
8552
2851
1885
3842
3784
1417
6906
9965
4679
5398
4053
8273
3633
5571
8835
6347
1075
2722
8870
9262
4188
2201
8601
