1000
31
58
4
78
20
62
52
27
52
57
6
65
15
83
43
17
98
81
10
30
10
77
75
82
49
94
60
37
69
73
43
73
90
90
70
88
24
36
70
45
83
69
89
20
29
59
23
98
4
77
65
54
53
11
1
58
34
5
44
6
89
44
100
67
7
26
58
94
2
13
33
27
59
32
33
59
48
41
85
74
7
20
9
33
78
11
1
29
49
96
52
58
67
51
82
1
77
41
63
51
97
77
38
52
52
6
54
32
13
83
48
9
88
95
19
43
35
7
50
83
9
30
86
69
62
60
94
26
68
31
85
15
17
64
47
40
19
56
20
17
90
61
80
92
54
92
17
17
94
2
41
21
14
100
65
88
26
61
58
51
85
76
88
26
19
35
6
43
2
77
96
81
65
85
93
10
37
25
57
50
86
68
76
14
80
72
37
17
20
1
60
70
18
12
45
25
94
33
19
89
55
65
85
85
9
25
48
31
25
57
59
34
56
81
81
14
60
20
11
62
14
100
64
37
17
48
43
74
66
6
44
71
82
81
39
11
79
48
20
84
86
88
97
66
31
6
87
69
41
23
90
19
74
83
68
43
61
47
94
3
7
42
31
64
9
84
7
77
13
42
41
52
61
39
61
96
42
46
71
92
83
22
58
82
96
45
30
81
59
13
62
36
81
30
75
84
78
62
75
26
5
19
31
71
33
77
34
98
64
97
23
17
18
75
43
17
38
18
61
65
5
75
40
31
29
5
8
27
80
47
37
30
74
96
51
53
2
46
96
67
38
44
13
74
95
72
77
51
26
94
5
5
25
7
23
6
34
19
98
78
83
92
76
70
33
64
15
78
85
70
79
20
74
62
44
87
32
49
1
52
31
2
22
96
82
47
51
68
49
48
78
32
3
63
77
5
24
47
9
75
77
90
48
75
83
71
25
82
40
32
86
89
1
72
81
71
33
22
36
41
52
97
27
13
21
70
22
55
21
1
9
87
22
37
62
78
57
63
10
37
76
19
73
64
12
94
97
32
40
45
3
50
37
73
77
82
60
73
37
40
59
27
81
62
40
75
1
40
68
30
21
63
77
48
36
7
25
12
78
21
65
23
10
30
19
36
57
77
72
94
9
69
7
12
47
89
56
24
50
30
25
57
81
20
24
70
1
37
27
92
8
97
87
20
48
33
82
14
86
56
10
95
63
97
43
4
30
79
16
73
16
23
91
51
63
33
16
34
39
99
22
48
80
17
99
8
90
87
7
56
8
67
72
47
45
100
1
12
54
100
18
45
26
82
14
16
29
25
42
6
50
88
99
43
57
23
59
31
45
65
13
1
31
44
72
54
57
62
56
94
68
80
14
80
7
54
70
41
17
88
24
37
67
8
77
61
27
57
25
90
38
97
28
37
7
77
73
77
54
84
32
36
75
71
58
26
52
52
88
93
82
98
4
11
36
83
64
7
63
18
56
84
68
49
92
48
57
69
44
98
85
9
54
9
11
78
8
72
7
66
71
80
97
32
17
64
64
33
16
52
51
35
25
85
88
69
29
67
24
16
60
96
20
45
9
38
32
16
75
80
15
55
39
90
52
73
3
61
12
71
45
40
5
74
30
42
8
39
12
1
8
38
41
68
53
36
25
66
31
57
87
100
72
15
1
15
77
69
75
9
45
92
36
91
32
37
1
33
78
65
28
34
66
24
59
55
44
11
62
44
99
22
9
64
99
62
55
96
27
8
52
72
28
32
100
98
5
35
41
96
93
58
30
6
61
81
42
94
87
61
33
59
48
34
19
66
10
69
19
40
79
67
74
6
36
24
77
51
67
37
31
98
42
6
68
30
65
29
79
16
4
66
49
76
58
45
47
84
11
39
36
3
87
60
1
28
49
94
84
20
82
1
97
52
67
14
60
81
10
57
77
57
34
86
18
77
53
55
13
21
1
48
43
70
89
49
66
33
44
68
87
57
50
53
57
61
66
61
89
15
48
75
60
62
37
50
56
97
54
92
63
90
17
84
70
44
8
26
36
13
64
94
20
60
27
76
6
29
78
43
95
16
4
13
57
98
5
76
16
24
76
85
71
1
38
64
99
25
93
93
7
80
1
46
95
83
86
59
25
92
39
100
83
1
97
54
42
73
43
59
89
38
72
81
92
40
12
43
34
45
62
92
99
55
31
58
42
49
6
96
4
26
62
61
12
61
3
11
57
95
66
84
35
72
72
64
38
10
59
61
57
48
25
70
37
65
27
21
19
42
75
33
21
24
10
20
46
60
51
35
