1000
35
93
76
69
49
95
93
49
38
60
66
81
22
67
91
55
52
62
50
12
19
62
89
27
91
21
60
79
21
80
36
53
45
54
84
89
50
28
13
68
81
52
25
70
79
90
63
25
15
74
74
57
92
31
59
98
13
49
100
32
90
20
92
99
12
32
75
26
26
55
66
81
81
62
77
98
42
82
28
16
58
96
18
30
86
43
41
77
98
43
83
14
43
43
91
36
82
10
73
16
85
83
22
40
75
82
74
70
88
15
74
34
84
85
95
33
46
95
63
86
70
16
75
100
85
58
60
58
79
21
83
53
40
58
82
96
96
51
27
96
82
100
40
65
80
17
54
77
17
84
78
31
43
41
42
94
91
58
55
92
89
24
48
60
66
63
23
51
77
47
34
75
37
66
95
12
26
78
67
92
76
10
49
39
65
87
91
23
29
93
77
83
85
68
29
18
34
67
76
65
42
67
60
25
34
55
62
84
18
32
74
83
61
27
68
52
75
82
46
74
85
96
98
25
40
95
19
43
92
50
22
48
52
84
29
90
34
29
96
71
47
89
67
40
15
39
71
19
61
30
82
11
39
80
37
82
45
77
52
83
76
25
25
74
21
68
64
27
26
73
13
98
43
17
67
25
28
11
78
81
62
95
34
40
47
20
54
62
63
19
12
97
70
41
12
13
75
59
45
56
73
84
95
66
94
16
52
35
29
37
84
64
52
45
29
60
73
78
28
19
47
61
69
43
72
90
82
70
79
12
31
71
33
93
20
98
16
56
34
48
63
33
66
51
86
39
73
10
67
14
85
33
59
16
82
18
49
39
61
46
74
74
65
85
49
74
92
30
99
87
16
51
83
37
46
52
42
97
56
84
90
18
67
32
88
74
22
90
28
24
20
49
26
34
66
10
43
28
31
61
76
60
92
19
19
11
13
18
79
30
68
47
83
25
88
49
56
29
64
95
29
47
45
27
36
68
88
47
33
11
31
92
79
73
54
90
100
75
22
67
51
75
96
20
43
71
13
21
76
64
95
38
44
83
23
32
55
99
93
28
53
39
98
32
79
23
96
53
49
33
97
78
42
96
70
55
88
99
96
43
71
35
46
90
15
36
90
56
47
67
50
57
77
72
68
84
52
19
84
67
15
52
17
43
17
15
65
95
85
40
87
90
67
53
64
53
29
17
52
85
30
94
43
57
77
12
73
10
81
75
69
29
79
42
23
33
49
57
19
70
54
74
80
14
27
66
76
81
91
33
94
80
92
30
18
44
10
79
26
33
15
45
46
72
58
90
53
40
71
24
43
88
58
11
53
62
52
67
10
21
20
70
76
84
89
91
76
54
40
97
43
12
49
49
29
87
28
96
64
65
78
97
33
25
14
36
97
95
58
12
45
94
41
52
60
83
64
88
59
95
73
26
37
29
59
66
20
15
55
34
73
80
86
92
35
58
34
33
92
88
33
89
11
25
63
42
98
96
13
39
24
84
88
17
99
99
81
78
64
18
51
73
33
52
59
65
51
35
19
34
83
94
40
34
57
73
65
22
72
69
68
42
96
27
95
13
67
33
59
52
91
53
76
49
81
32
80
20
66
70
67
82
51
59
71
88
66
11
68
94
13
70
84
58
98
44
19
26
27
55
96
76
67
12
29
18
84
71
96
75
34
82
32
95
21
25
78
40
65
87
35
18
98
45
12
95
42
22
86
54
37
78
65
73
53
86
42
36
95
12
46
52
16
99
65
97
26
27
20
72
46
85
72
90
52
20
98
16
12
96
14
55
55
17
68
25
65
83
57
81
13
78
64
60
48
39
28
54
74
88
88
14
54
91
56
60
83
63
52
26
53
79
46
94
97
95
35
55
36
54
64
22
17
96
32
51
74
84
11
25
50
70
63
13
31
18
74
27
62
71
89
56
47
11
55
88
26
88
70
25
28
56
44
21
99
48
73
16
61
60
51
34
66
33
68
94
24
11
33
40
68
44
17
39
33
71
47
85
75
55
50
98
25
42
28
69
33
63
26
65
76
60
26
93
56
47
62
55
100
22
90
28
37
40
69
14
69
33
83
49
53
99
51
34
26
19
29
24
62
41
69
64
83
46
41
15
80
75
15
14
65
11
53
64
68
87
40
16
51
43
70
37
51
70
49
38
55
89
19
49
88
59
99
64
58
55
55
71
50
21
61
49
29
19
58
30
60
44
46
52
76
79
76
55
61
75
93
86
26
25
37
98
22
30
36
79
96
10
87
55
70
79
26
41
28
98
88
42
32
23
