1000
87
44
19
43
35
74
23
51
46
39
71
36
98
94
78
15
67
27
34
89
19
59
44
100
50
28
42
12
62
80
35
28
11
59
74
100
58
25
87
92
81
57
96
99
14
57
28
58
45
52
87
72
94
70
35
39
86
74
75
21
63
34
23
100
77
10
30
73
49
67
54
95
68
67
54
12
38
85
36
27
86
97
46
27
68
94
71
15
99
39
51
10
76
11
95
32
10
63
10
41
61
89
77
65
31
73
18
84
33
65
22
64
54
65
44
29
93
32
59
50
61
86
54
69
62
96
39
26
45
96
39
71
100
17
51
10
24
55
32
84
12
71
61
24
88
11
13
51
80
62
85
30
82
39
63
47
19
49
12
41
52
36
33
80
21
63
37
41
77
34
59
13
50
80
68
47
32
86
21
57
83
18
71
67
25
59
28
51
85
90
19
21
36
52
92
56
96
62
23
87
77
42
77
33
42
93
27
14
86
80
49
59
79
16
79
99
21
58
52
79
99
86
77
21
86
27
29
20
91
58
51
51
38
61
12
40
38
95
39
50
10
49
39
96
74
51
30
11
51
39
63
64
46
26
85
95
76
37
22
91
96
82
94
97
41
32
50
34
93
14
45
98
34
70
63
87
45
36
48
48
44
11
49
97
16
20
45
49
58
81
72
35
81
99
73
91
84
84
82
11
69
94
98
51
71
47
83
11
42
28
97
28
96
16
60
50
47
87
59
63
33
28
59
29
55
31
57
59
47
29
78
81
84
32
73
22
85
47
91
87
41
25
91
19
81
22
15
46
83
89
94
20
82
84
33
86
91
97
18
88
34
57
69
81
10
19
46
96
58
100
15
96
19
68
80
42
81
28
72
54
95
94
23
23
67
67
54
90
57
22
33
99
62
89
10
36
91
24
74
36
41
78
58
16
83
41
54
62
26
48
68
94
54
77
27
67
94
30
44
63
27
70
12
37
56
95
14
49
51
74
35
31
47
80
41
60
22
12
22
60
25
42
86
31
98
84
64
74
57
44
81
78
10
67
74
60
49
15
77
33
26
94
88
28
66
65
57
93
69
64
52
73
91
80
76
62
27
70
72
56
36
64
90
58
80
83
12
63
76
17
60
11
63
98
32
13
40
65
60
99
86
46
95
23
18
35
50
79
44
42
68
51
28
38
61
78
58
51
63
48
43
30
30
59
23
96
18
45
30
57
49
36
31
27
22
43
47
13
14
70
93
23
38
20
44
58
67
91
87
65
52
44
97
67
40
53
74
79
26
37
98
98
11
96
34
37
42
33
70
68
23
86
22
92
38
28
96
50
21
51
30
54
75
96
36
92
14
35
66
44
88
60
95
85
30
68
37
49
38
78
99
39
45
25
66
20
77
74
58
44
28
80
62
77
73
65
39
23
87
59
33
96
92
11
63
97
84
18
46
91
66
54
70
14
50
33
33
73
43
21
51
42
33
40
16
85
64
60
45
91
51
26
59
45
52
56
71
45
22
53
57
76
100
84
87
38
85
39
91
85
41
95
10
91
93
92
26
63
86
12
46
58
46
75
89
10
14
55
17
57
53
84
30
45
73
89
79
98
80
29
98
83
32
97
17
78
90
59
61
43
10
97
17
95
49
43
13
11
10
87
50
85
93
60
44
13
93
50
80
93
24
17
38
90
97
77
59
53
91
20
63
72
18
80
41
26
20
84
90
53
62
100
44
77
52
39
75
65
10
11
34
51
42
99
24
19
41
68
29
32
62
19
49
38
90
23
62
14
63
49
96
100
100
93
81
65
48
83
83
55
41
28
10
73
52
19
45
43
43
57
98
99
28
41
32
77
21
100
71
87
60
43
84
37
74
79
96
60
94
58
21
19
20
37
68
93
40
13
50
67
55
59
13
36
61
85
56
54
77
45
43
80
92
47
93
67
69
32
40
90
30
58
82
36
86
40
92
38
10
18
52
95
67
35
19
27
59
17
21
93
85
29
90
90
40
42
75
76
66
92
38
51
34
83
68
37
33
43
66
21
11
61
78
35
60
60
31
74
74
56
74
31
70
81
83
16
38
89
58
93
48
100
25
73
49
57
54
17
100
74
82
40
32
30
24
44
56
44
17
23
24
76
19
72
95
66
58
41
53
89
84
80
72
14
32
95
22
66
34
89
64
57
50
67
44
74
61
61
42
84
16
48
55
78
68
48
85
45
82
43
36
14
69
78
73
56
71
11
37
34
99
82
43
77
33
15
27
32
79
84
72
69
54
20
61
17
46
74
100
41
