1000
6303
2515
3952
3930
7985
4762
8097
599
2656
8363
7834
4072
4852
352
9293
9482
4811
3981
4804
4002
2869
3049
4183
7136
1923
3271
7260
5984
2740
6684
2319
9823
4543
8968
4705
4438
1191
9886
178
744
6765
6134
692
1081
9218
4545
9590
8899
3537
1938
5997
1120
4719
1584
5294
5192
498
209
9227
9005
6060
1143
5596
5899
1523
9979
8042
6297
5163
7389
9769
1764
1111
4202
5332
2064
5651
2462
4184
646
728
8416
7162
3832
7054
5084
169
8872
9114
980
9475
2067
2703
3392
7172
3756
6458
1006
453
1463
1607
716
5333
788
1553
1699
8328
8969
7470
7335
7072
9082
7400
812
4979
5727
2649
9101
7950
4962
9499
7200
8142
5748
3426
8472
9393
1477
3565
7214
5296
910
3591
9356
454
4347
703
2413
2208
3449
5205
9691
5798
4752
2338
1367
6055
7322
4866
6515
9457
2140
3709
5968
2995
2435
5100
5640
3539
4756
6417
5973
944
1235
8708
9304
9798
9661
6833
9933
5612
9404
5176
6102
8398
1886
2141
3034
9897
4236
8697
384
5878
3746
9881
9367
2881
3005
9142
2312
3025
6879
4903
4031
5174
1599
9259
8599
203
9527
1334
2464
7595
6173
3167
9157
7329
8469
8512
118
890
5043
3509
9748
6316
7501
3848
3539
4761
362
3407
116
4236
7388
8588
7905
1390
1585
1930
8385
5656
188
9742
9835
8492
3776
1229
4137
2687
5231
4058
7470
1727
7872
4160
1280
8892
4391
8123
2894
8513
7185
2719
9705
1071
4095
8678
3189
8164
2891
365
4501
1891
475
9197
2607
5660
2231
3815
9694
1628
9155
4269
1309
3430
3614
334
3693
9767
9731
7150
3350
8136
9550
6614
5906
4423
1795
4394
8546
4471
8129
965
4577
9604
4663
7396
4245
2282
7699
7435
7130
8398
3292
3157
9973
9680
4188
6122
1321
1357
1219
2529
4367
6228
4562
6757
3036
8472
2637
4387
5949
3876
8053
9936
1957
8399
4272
8687
3757
9374
5078
4853
6895
7410
8984
8825
1223
950
1382
3481
5691
1570
7868
2734
4185
3081
1207
9164
9809
8549
2049
4150
514
9350
9082
1057
1345
1917
7571
7812
6865
1547
767
7784
7343
4178
1042
9055
8853
9885
5620
9010
8232
1584
6673
8012
7425
2704
1216
734
6268
1721
2810
705
7104
3482
6702
8794
5315
6872
4492
1773
9977
7436
9776
555
970
3234
1767
3745
8934
7651
847
9295
9749
1418
8120
9398
5053
2501
8856
3060
5219
943
9358
1562
288
3133
3579
5025
4309
4140
1334
3266
5441
8960
9689
3302
2624
8609
8855
2616
2760
3042
2747
2042
2013
5734
3010
6059
2854
4175
5342
7201
7194
7391
1265
6353
7471
6218
3481
4798
6780
503
7646
2992
2882
1147
250
7451
6510
6142
5303
1780
692
9384
6199
343
6060
5105
6172
6647
3397
6829
1041
3936
6950
9925
2702
3313
4665
8470
1715
9783
8483
8316
4108
3659
8761
4832
5028
5540
9925
9790
1848
8101
1011
6936
6380
9409
6945
614
5427
2040
1098
8660
6145
2739
9621
4283
8928
1050
8237
5044
8013
2818
8958
7450
7897
3930
5308
9338
9474
5792
3534
1695
2327
1100
2434
5495
4587
6812
1831
1331
9797
1200
1605
1022
1008
4126
2410
2670
9756
7770
7598
9552
817
7456
2597
9121
5731
171
8852
1470
548
5030
1303
4442
6597
6020
815
7401
843
5424
8677
8511
751
6796
9480
7138
5396
7694
8510
1805
9491
1401
297
575
5572
9310
5528
7176
3458
3508
342
5117
3233
9282
3898
6100
5683
464
4897
1902
8553
7021
1531
8330
4319
7533
7174
1814
4246
8932
1038
1958
6488
9907
1332
8680
7620
5613
2904
8237
1648
2435
1675
269
5519
1737
5633
9687
8421
1338
6136
6815
9154
883
4044
293
9274
2868
5012
6623
6753
4569
1186
7431
6909
7796
6631
9704
1612
951
3568
2237
1980
246
3854
9434
9097
2319
5046
2306
1742
2076
9126
7026
3623
5165
1010
4778
3173
1294
4085
9041
1602
1758
8704
6918
9089
8345
8841
2993
322
5230
2019
7464
2525
7239
3492
7660
5386
5689
4383
1358
2635
7523
1893
9458
3225
8279
1660
4860
6500
1200
3806
9119
1356
9161
3945
9499
3990
1022
1235
1005
1244
9465
5131
4776
8774
2918
5545
3553
1409
3583
1247
6827
8419
3850
1345
1776
4534
615
5779
3689
8023
589
8938
815
3647
3947
7656
129
6765
3149
5569
3580
6057
1008
3629
3083
2422
2380
303
9409
8947
1578
4274
6771
3615
6661
6236
3108
2939
4816
8364
3674
3381
8359
5302
1057
5688
2887
9971
838
1980
6268
1522
5007
4940
2192
4139
112
7196
5443
5009
5975
182
8819
4890
4427
346
4331
6434
6541
8969
8508
2156
3841
6113
2728
1856
8815
8199
6720
8255
2711
4681
3387
7817
2088
9225
2924
8528
5896
7010
6147
3355
436
7710
4925
9798
1511
6806
7948
3388
6254
9442
5304
6523
4368
2754
2141
7806
998
2766
3370
9627
3033
1207
9626
5166
9957
8232
976
505
3785
2299
2406
4746
1065
4570
2533
2155
9442
3047
9874
2420
8582
8835
4742
3210
6737
9972
553
4473
2822
2614
4823
1139
1296
4033
8577
4769
3187
2552
8517
2230
7920
6648
4395
5651
9335
3155
6443
8585
418
1735
8428
8776
9725
9683
2464
8027
8641
591
8382
6705
8231
6056
2503
3352
5473
2747
5038
6584
1033
4162
1627
7458
1918
9901
450
9780
1488
9952
5815
3636
8742
9243
4351
4425
7551
519
208
8086
9820
5104
2735
8451
1504
8287
8551
8745
4334
2533
5141
1816
5988
8686
4908
1095
1632
760
8736
324
5411
6634
4891
6581
291
2283
6152
9501
6187
5312
9020
2304
5616
2339
484
9341
8276
2562
1594
2897
8915
9425
8520
9537
3807
6204
1807
5143
3832
1206
9274
4927
1028
1665
9055
1757
1031
3534
1476
4759
2040
2507
579
9397
5427
9433
7011
1144
8288
8073
1783
8119
1760
3373
2789
6830
4339
7266
5815
7312
5296
9452
